-40.0
-39.596060606060604
-39.192121212121215
-38.78818181818182
-38.38424242424242
-37.98030303030303
-37.57636363636364
-37.17242424242424
-36.768484848484846
-36.36454545454546
-35.96060606060606
-35.556666666666665
-35.152727272727276
-34.74878787878788
-34.344848484848484
-33.94090909090909
-33.5369696969697
-33.1330303030303
-32.72909090909091
-32.32515151515152
-31.921212121212122
-31.517272727272726
-31.113333333333333
-30.70939393939394
-30.305454545454545
-29.901515151515152
-29.497575757575756
-29.093636363636364
-28.68969696969697
-28.285757575757575
-27.881818181818183
-27.477878787878787
-27.073939393939394
-26.67
-26.266060606060606
-25.862121212121213
-25.458181818181817
-25.054242424242425
-24.65030303030303
-24.246363636363636
-23.842424242424244
-23.438484848484848
-23.034545454545455
-22.63060606060606
-22.226666666666667
-21.822727272727274
-21.418787878787878
-21.014848484848486
-20.61090909090909
-20.206969696969697
-19.803030303030305
-19.39909090909091
-18.995151515151516
-18.59121212121212
-18.187272727272727
-17.783333333333335
-17.37939393939394
-16.975454545454546
-16.57151515151515
-16.167575757575758
-15.763636363636364
-15.35969696969697
-14.955757575757575
-14.551818181818183
-14.147878787878788
-13.743939393939394
-13.34
-12.936060606060606
-12.532121212121211
-12.128181818181819
-11.724242424242425
-11.32030303030303
-10.916363636363636
-10.512424242424242
-10.10848484848485
-9.704545454545455
-9.30060606060606
-8.896666666666667
-8.492727272727272
-8.088787878787878
-7.684848484848485
-7.280909090909091
-6.876969696969697
-6.473030303030303
-6.069090909090909
-5.665151515151515
-5.261212121212121
-4.857272727272727
-4.453333333333333
-4.04939393939394
-3.6454545454545455
-3.2415151515151517
-2.8375757575757574
-2.4336363636363636
-2.0296969696969698
-1.6257575757575757
-1.221818181818182
-0.8178787878787879
-0.41393939393939394
-0.01
0.01
0.41393939393939394
0.8178787878787879
1.221818181818182
1.6257575757575757
2.0296969696969698
2.4336363636363636
2.8375757575757574
3.2415151515151517
3.6454545454545455
4.04939393939394
4.453333333333333
4.857272727272727
5.261212121212121
5.665151515151515
6.069090909090909
6.473030303030303
6.876969696969697
7.280909090909091
7.684848484848485
8.088787878787878
8.492727272727272
8.896666666666667
9.30060606060606
9.704545454545455
10.10848484848485
10.512424242424242
10.916363636363636
11.32030303030303
11.724242424242425
12.128181818181819
12.532121212121211
12.936060606060606
13.34
13.743939393939394
14.147878787878788
14.551818181818183
14.955757575757575
15.35969696969697
15.763636363636364
16.167575757575758
16.57151515151515
16.975454545454546
17.37939393939394
17.783333333333335
18.187272727272727
18.59121212121212
18.995151515151516
19.39909090909091
19.803030303030305
20.206969696969697
20.61090909090909
21.014848484848486
21.418787878787878
21.822727272727274
22.226666666666667
22.63060606060606
23.034545454545455
23.438484848484848
23.842424242424244
24.246363636363636
24.65030303030303
25.054242424242425
25.458181818181817
25.862121212121213
26.266060606060606
26.67
27.073939393939394
27.477878787878787
27.881818181818183
28.285757575757575
28.68969696969697
29.093636363636364
29.497575757575756
29.901515151515152
30.305454545454545
30.70939393939394
31.113333333333333
31.517272727272726
31.921212121212122
32.32515151515152
32.72909090909091
33.1330303030303
33.5369696969697
33.94090909090909
34.344848484848484
34.74878787878788
35.152727272727276
35.556666666666665
35.96060606060606
36.36454545454546
36.768484848484846
37.17242424242424
37.57636363636364
37.98030303030303
38.38424242424242
38.78818181818182
39.192121212121215
39.596060606060604
40.0

