0.001
0.6789491525423729
1.3568983050847458
2.0348474576271185
2.7127966101694914
3.3907457627118642
4.0686949152542375
4.74664406779661
5.424593220338983
6.102542372881356
6.780491525423729
7.458440677966101
8.136389830508474
8.814338983050847
9.49228813559322
10.170237288135594
10.848186440677965
11.526135593220339
12.204084745762712
12.882033898305085
13.559983050847457
14.23793220338983
14.915881355932203
15.593830508474577
16.27177966101695
16.94972881355932
17.627677966101697
18.305627118644068
18.98357627118644
19.661525423728815
20.339474576271186
21.017423728813558
21.695372881355933
22.373322033898305
23.05127118644068
23.72922033898305
24.407169491525423
25.085118644067798
25.76306779661017
26.44101694915254
27.118966101694916
27.796915254237287
28.474864406779663
29.152813559322034
29.830762711864406
30.50871186440678
31.186661016949152
31.864610169491524
32.542559322033895
33.22050847457627
33.898457627118646
34.57640677966101
35.25435593220339
35.932305084745764
36.61025423728814
37.28820338983051
37.96615254237288
38.64410169491526
39.322050847457625
40.0

